local SolarisLib = loadstring(game:HttpGet("https://raw.githubusercontent.com/Stebulous/solaris-ui-lib/main/source.lua"))()

local win = SolarisLib:New({
  Name = "[Update] World Sail",
  FolderToSave = "SolarisLibStuff"
})

--DevilFruit [Spam]--
local tab = win:Tab("DevilFruit [Spam]")

local sec = tab:Section("Spam")
--Barrier Fruit [1]
local toggle = sec:Toggle("TwistingDragon [1]", false,"Toggle", function(t)
  _G.Spam = t
while _G.Spam == true do
    -- Script generated by SimpleSpy - credits to exx#9394

local args = {
    [1] = "TwistingDragon",
    [2] = CFrame.new(Vector3.new(-664.4110107421875, 176.59580993652344, 231.10321044921875), Vector3.new(0.3243404030799866, -0.3548884391784668, 0.8768451809883118))
}

game:GetService("Players").LocalPlayer.Character:FindFirstChild("3SS").Client.Server.Ability:FireServer(unpack(args))

wait()
end
end)

--Ques_All--
local tab = win:Tab("Auto_Quest_All")

local sec = tab:Section("Quest")

local toggle = sec:Toggle("Quest1", false,"Toggle", function(t)
  _G.Quest = t
while _G.Quest == true do
    -- Script generated by SimpleSpy - credits to exx#9394

local args = {
    [1] = "Quest1"
}

game:GetService("ReplicatedStorage").Accept:FireServer(unpack(args))
wait()
end
end)

local toggle = sec:Toggle("Quest2", false,"Toggle", function(t)
  _G.Quest = t
while _G.Quest == true do
    -- Script generated by SimpleSpy - credits to exx#9394

local args = {
    [1] = "Quest2"
}

game:GetService("ReplicatedStorage").Accept:FireServer(unpack(args))
wait()
end
end)

local toggle = sec:Toggle("Quest3", false,"Toggle", function(t)
  _G.Quest = t
while _G.Quest == true do
    -- Script generated by SimpleSpy - credits to exx#9394

local args = {
    [1] = "Quest3"
}

game:GetService("ReplicatedStorage").Accept:FireServer(unpack(args))
wait()
end
end)

local toggle = sec:Toggle("Quest4", false,"Toggle", function(t)
  _G.Quest = t
while _G.Quest == true do
    -- Script generated by SimpleSpy - credits to exx#9394

local args = {
    [1] = "Quest4"
}

game:GetService("ReplicatedStorage").Accept:FireServer(unpack(args))
wait()
end
end)

local toggle = sec:Toggle("Quest5", false,"Toggle", function(t)
  _G.Quest = t
while _G.Quest == true do
    -- Script generated by SimpleSpy - credits to exx#9394

local args = {
    [1] = "Quest5"
}

game:GetService("ReplicatedStorage").Accept:FireServer(unpack(args))
wait()
end
end)

local toggle = sec:Toggle("Quest6", false,"Toggle", function(t)
  _G.Quest = t
while _G.Quest == true do
    -- Script generated by SimpleSpy - credits to exx#9394

local args = {
    [1] = "Quest6"
}

game:GetService("ReplicatedStorage").Accept:FireServer(unpack(args))
wait()
end
end)

local toggle = sec:Toggle("Quest7", false,"Toggle", function(t)
  _G.Quest = t
while _G.Quest == true do
    -- Script generated by SimpleSpy - credits to exx#9394

local args = {
    [1] = "Quest7"
}

game:GetService("ReplicatedStorage").Accept:FireServer(unpack(args))
wait()
end
end)

local toggle = sec:Toggle("Quest8", false,"Toggle", function(t)
  _G.Quest = t
while _G.Quest == true do
    -- Script generated by SimpleSpy - credits to exx#9394

local args = {
    [1] = "Quest8"
}

game:GetService("ReplicatedStorage").Accept:FireServer(unpack(args))
wait()
end
end)

local toggle = sec:Toggle("Quest9", false,"Toggle", function(t)
  _G.Quest = t
while _G.Quest == true do
    -- Script generated by SimpleSpy - credits to exx#9394

local args = {
    [1] = "Quest9"
}

game:GetService("ReplicatedStorage").Accept:FireServer(unpack(args))
wait()
end
end)

local toggle = sec:Toggle("Quest10", false,"Toggle", function(t)
  _G.Quest = t
while _G.Quest == true do
    -- Script generated by SimpleSpy - credits to exx#9394

local args = {
    [1] = "Quest10"
}

game:GetService("ReplicatedStorage").Accept:FireServer(unpack(args))
wait()
end
end)

local toggle = sec:Toggle("Quest11", false,"Toggle", function(t)
  _G.Quest = t
while _G.Quest == true do
    -- Script generated by SimpleSpy - credits to exx#9394

local args = {
    [1] = "Quest11"
}

game:GetService("ReplicatedStorage").Accept:FireServer(unpack(args))
wait()
end
end)

local toggle = sec:Toggle("Quest12", false,"Toggle", function(t)
  _G.Quest = t
while _G.Quest == true do
    -- Script generated by SimpleSpy - credits to exx#9394

local args = {
    [1] = "Quest12"
}

game:GetService("ReplicatedStorage").Accept:FireServer(unpack(args))
wait()
end
end)

local toggle = sec:Toggle("Quest13", false,"Toggle", function(t)
  _G.Quest = t
while _G.Quest == true do
    -- Script generated by SimpleSpy - credits to exx#9394

local args = {
    [1] = "Quest13"
}

game:GetService("ReplicatedStorage").Accept:FireServer(unpack(args))
wait()
end
end)

local toggle = sec:Toggle("Quest14", false,"Toggle", function(t)
  _G.Quest = t
while _G.Quest == true do
    -- Script generated by SimpleSpy - credits to exx#9394

local args = {
    [1] = "Quest14"
}

game:GetService("ReplicatedStorage").Accept:FireServer(unpack(args))
wait()
end
end)

local toggle = sec:Toggle("Quest15", false,"Toggle", function(t)
  _G.Quest = t
while _G.Quest == true do
    -- Script generated by SimpleSpy - credits to exx#9394

local args = {
    [1] = "Quest15"
}

game:GetService("ReplicatedStorage").Accept:FireServer(unpack(args))
wait()
end
end)

local toggle = sec:Toggle("Quest16", false,"Toggle", function(t)
  _G.Quest = t
while _G.Quest == true do
    -- Script generated by SimpleSpy - credits to exx#9394

local args = {
    [1] = "Quest16"
}

game:GetService("ReplicatedStorage").Accept:FireServer(unpack(args))
wait()
end
end)

local toggle = sec:Toggle("Quest17", false,"Toggle", function(t)
  _G.Quest = t
while _G.Quest == true do
    -- Script generated by SimpleSpy - credits to exx#9394

local args = {
    [1] = "Quest17"
}

game:GetService("ReplicatedStorage").Accept:FireServer(unpack(args))
wait()
end
end)


local tab = win:Tab("Zone_Island")

local sec = tab:Section("Island")

--Starter Island--
sec:Button("Starter Island [Lv.1-5-20]", function()
   game.Players.LocalPlayer.Character.HumanoidRootPart.CFrame = CFrame.new(-575.256714, 184.235886, 140.84761, 0.838721991, 3.12720552e-08, -0.544559836, -1.54681175e-08, 1, 3.36025643e-08, 0.544559836, -1.97598933e-08, 0.838721991)
end)

--MarineOutpost Island--
sec:Button("Starter Island [Lv.1-5-20]", function()
   game.Players.LocalPlayer.Character.HumanoidRootPart.CFrame = CFrame.new(-4193.78418, 201.797836, 300.55542, -0.999717653, 1.41281316e-08, -0.0237618256, 1.50428185e-08, 1, -3.83152212e-08, 0.0237618256, -3.86618488e-08, -0.999717653)
end)

--SunKingdom Island--
sec:Button("MarineOutpost Island [Lv.45-70-125]", function()
   game.Players.LocalPlayer.Character.HumanoidRootPart.CFrame = CFrame.new(2644.8999, 161.79776, -1867.19299, -0.403330863, 1.94181808e-08, -0.915054202, 4.85095164e-08, 1, -1.60869706e-10, 0.915054202, -4.44537207e-08, -0.403330863)
end)

--Autumn Island--
sec:Button("Autumn Island [Lv.250-300-350]", function()
   game.Players.LocalPlayer.Character.HumanoidRootPart.CFrame = CFrame.new(-2284.84277, 184.443436, -3787.68506, 0.99920696, -2.3358302e-08, -0.0398170389, 2.51379095e-08, 1, 4.41939605e-08, 0.0398170389, -4.51598332e-08, 0.99920696)
end)

--Baratie Island--
sec:Button("Baratie Island [Lv.400-450-500]", function()
   game.Players.LocalPlayer.Character.HumanoidRootPart.CFrame = CFrame.new(-541.037476, 154.361206, -2330.52539, -0.949714243, -3.75949583e-09, -0.313117951, -2.01666528e-09, 1, -5.88992055e-09, 0.313117951, -4.96228747e-09, -0.949714243)
end)

--Samurai Island--
sec:Button("Samurai Island [Lv.550-625]", function()
   game.Players.LocalPlayer.Character.HumanoidRootPart.CFrame = CFrame.new(-3605.55396, 172.460892, -1629.75769, 0.975812256, -2.39146463e-08, -0.218610242, 1.69074372e-08, 1, -3.3924124e-08, 0.218610242, 2.94074365e-08, 0.975812256)
end)

--SaloonPeaks Island--
sec:Button("SaloonPeaks Island [ShopSoon]", function()
   game.Players.LocalPlayer.Character.HumanoidRootPart.CFrame = CFrame.new(1491.99072, 167.017883, -1094.26697, -0.589706063, 1.78661601e-08, -0.807617962, 5.52853159e-08, 1, -1.82461584e-08, 0.807617962, -5.54092843e-08, -0.589706063)
end)

--Snow Island--
sec:Button("Snow Island [Soon]", function()
   game.Players.LocalPlayer.Character.HumanoidRootPart.CFrame = CFrame.new(-512.144714, 168.853699, -4510.62158, -0.99991405, -1.35433638e-08, 0.0131091429, -1.26035653e-08, 1, 7.17728952e-08, -0.0131091429, 7.16015052e-08, -0.99991405)
end)

--Eye Islabd--
sec:Button("Eye Island [Soon]", function()
   game.Players.LocalPlayer.Character.HumanoidRootPart.CFrame = CFrame.new(-5222.31348, 164.937927, 1323.04834, -0.70547998, -4.08939265e-08, 0.708729863, -4.13839381e-08, 1, 1.6506128e-08, -0.708729863, -1.76852897e-08, -0.70547998)
end)

--RedHair Island--
sec:Button("RedHair Island [BOSS]", function()
   game.Players.LocalPlayer.Character.HumanoidRootPart.CFrame = CFrame.new(2168.4458, 257.714264, -4803.4873, 0.881215096, 1.599021e-08, -0.472715557, -4.24191926e-09, 1, 2.59186894e-08, 0.472715557, -2.08347188e-08, 0.881215096)
end)

local tab = win:Tab("Core_Shop")

local sec = tab:Section("Buy everything and FruitShop")

--Fruit Shop--
sec:Button("FruitShop", function()
   local args = {
    [1] = "CoreShop"
}

game:GetService("ReplicatedStorage").Accept:FireServer(unpack(args))
end)

--DevilFruit Remover--
sec:Button("DevilFruit [10K]", function()
   local args = {
    [1] = "CoreRemover"
}

game:GetService("ReplicatedStorage").Accept:FireServer(unpack(args))
end)

--DarkLegTrainer--
sec:Button("DarkLegTrainer [250K]", function()
   local args = {
    [1] = "DarkLegTrainer"
}

game:GetService("ReplicatedStorage").Accept:FireServer(unpack(args))
end)

--1SSS--
sec:Button("OneSword [5K]", function()
   local args = {
    [1] = "1SSS"
}

game:GetService("ReplicatedStorage").Accept:FireServer(unpack(args))
end)

--2SSS--
sec:Button("TwoSword [45K]", function()
   local args = {
    [1] = "2SSS"
}

game:GetService("ReplicatedStorage").Accept:FireServer(unpack(args))
end)
--3SSS--
sec:Button("ThreeSword [150K]", function()
   local args = {
    [1] = "3SSS"
}

game:GetService("ReplicatedStorage").Accept:FireServer(unpack(args))
end)

--Player Stats--
local tab = win:Tab("Stats")

local sec = tab:Section("Stats")

--Core
local toggle = sec:Toggle("Core", false,"Toggle", function(t)
  _G.Stats = t
while _G.Stats == true do
    -- Script generated by SimpleSpy - credits to exx#9394

local args = {
    [1] = "1",
    [2] = "Core"
}

game:GetService("Players").LocalPlayer.PlayerGui.Main.Display.Menus.Stats.Refresh.Server.Points:FireServer(unpack(args))

wait()
end
end)

--Defense
local toggle = sec:Toggle("Defense", false,"Toggle", function(t)
  _G.Spam = t
while _G.Spam == true do
    -- Script generated by SimpleSpy - credits to exx#9394

local args = {
    [1] = "1",
    [2] = "Defense"
}

game:GetService("Players").LocalPlayer.PlayerGui.Main.Display.Menus.Stats.Refresh.Server.Points:FireServer(unpack(args))

wait()
end
end)

--Haki
local toggle = sec:Toggle("Haki", false,"Toggle", function(t)
  _G.Spam = t
while _G.Spam == true do
    -- Script generated by SimpleSpy - credits to exx#9394

local args = {
    [1] = "1",
    [2] = "Haki"
}

game:GetService("Players").LocalPlayer.PlayerGui.Main.Display.Menus.Stats.Refresh.Server.Points:FireServer(unpack(args))

wait()
end
end)

--Strength
local toggle = sec:Toggle("Strength", false,"Toggle", function(t)
  _G.Spam = t
while _G.Spam == true do
    -- Script generated by SimpleSpy - credits to exx#9394

local args = {
    [1] = "1",
    [2] = "Strength"
}

game:GetService("Players").LocalPlayer.PlayerGui.Main.Display.Menus.Stats.Refresh.Server.Points:FireServer(unpack(args))

wait()
end
end)

--Weapon
local toggle = sec:Toggle("Weapon", false,"Toggle", function(t)
  _G.Spam = t
while _G.Spam == true do
    -- Script generated by SimpleSpy - credits to exx#9394

local args = {
    [1] = "1",
    [2] = "Weapon"
}

game:GetService("Players").LocalPlayer.PlayerGui.Main.Display.Menus.Stats.Refresh.Server.Points:FireServer(unpack(args))

wait()
end
end)

